1 22 43 60 127 278 355 654 714 771 784 789 800 877 976 

90 140 169 176 186 245 298 339 348 349 356 364 378 388 392 454 700 724 759 759 783 783 841 875 892 906 911 935 962 995 

16 20 65 67 87 105 106 106 118 147 195 196 205 215 230 234 258 286 301 315 319 547 572 575 582 589 590 612 623 631 642 650 705 728 741 779 795 795 806 875 881 909 939 949 964 

46 48 54 65 93 110 116 124 126 133 134 179 204 214 250 269 274 278 291 298 300 307 313 318 321 330 335 346 373 409 414 419 446 450 455 467 496 771 783 789 805 813 813 821 831 837 849 867 892 907 931 937 949 951 960 965 969 973 974 978 

9 14 29 58 60 61 61 61 77 88 98 106 112 131 133 139 155 160 169 174 191 204 209 238 241 243 247 259 259 281 290 296 300 300 305 346 363 366 378 378 385 386 404 425 425 434 435 458 470 760 769 774 781 783 784 784 788 796 812 818 819 828 833 834 837 861 862 870 880 901 931 941 953 963 982 

