714 976 566 127 278 60 22 393 771 355 654 1 43 636 784 474 455 800 789 877 

841 474 392 245 906 935 783 298 364 388 724 678 759 995 911 700 892 520 186 875 962 378 454 606 169 339 695 496 90 500 140 694 356 348 176 487 759 349 685 783 

705 881 147 105 547 336 234 106 521 16 215 452 205 650 301 87 230 964 258 497 372 909 806 623 741 589 728 612 795 315 426 65 516 795 631 590 443 106 20 286 532 642 422 582 319 508 386 67 949 939 196 118 779 195 489 572 875 355 575 442 

949 831 409 531 632 619 307 937 837 931 978 110 318 419 346 849 951 813 725 496 278 414 450 124 214 250 907 771 667 330 269 126 179 821 65 93 116 565 134 274 545 969 446 373 298 892 552 965 973 751 960 650 789 467 593 605 204 291 813 577 46 321 783 133 867 335 48 590 455 974 692 54 805 300 583 592 313 734 625 564 

281 833 160 131 684 300 818 378 901 862 378 471 366 61 720 861 425 545 435 784 760 112 788 655 484 727 174 812 434 738 582 204 596 296 14 60 584 837 346 783 684 828 598 61 209 9 106 834 684 549 733 363 169 963 58 581 870 781 29 404 751 425 259 769 664 300 238 290 941 133 819 88 953 784 698 77 982 746 191 98 305 774 470 139 243 247 155 61 880 717 385 259 386 241 521 672 458 931 575 796 

