1
12
24
30
46
50
60
60
68
69
79
85
103
120
121
124
131
161
164
168
176
186
186
188
190
197
202
202
204
204
218
221
223
232
246
254
258
280
291
298
298
304
310
310
311
327
330
341
342
351
359
361
361
362
367
389
392
400
401
409
410
420
433
466
478
492
493
499
502
524
524
532
541
552
575
592
593
599
608
621
624
629
635
642
646
650
651
666
672
676
682
712
722
729
744
747
754
756
763
771
773
775
777
778
780
792
803
814
818
823
827
830
839
848
856
858
863
865
870
873
878
889
889
894
896
903
908
909
912
914
933
941
947
952
958
964
981
987
991
996
1013
1017
1018
1022
1040
1066
1066
1076
1084
1093
1098
1106
1117
1139
1139
1156
1161
1165
1174
1188
1188
1192
1203
1204
1204
1220
1249
1250
1254
1256
1293
1307
1312
1319
1328
1344
1374
1387
1389
1417
1429
1435
1438
1442
1442
1445
1468
1473
1492
1495
1495
1502
1507
1510
1510
1514
1531
1536
1536
1545
1564
1574
1617
1618
1624
1624
1626
1645
1664
1667
1675
1679
1680
1681
1691
1698
1701
1702
1714
1715
1727
1734
1737
1753
1754
1762
1764
1797
1828
1859
1866
1871
1879
1880
1880
1892
1893
1895
1898
1903
1904
1909
1911
1930
1935
1944
1945
1947
1961
1971
1971
1977
1979
1987
1988
1991
1992
1993
2009
2018
2020
2021
2026
2029
2031
2038
2039
2043
2044
2051
2051
2073
2073
2076
2077
2081
2088
2094
2106
2107
2109
2109
2110
2129
2130
2131
2135
2157
2178
2198
2208
2219
2221
2224
2224
2228
2238
2239
2241
2241
2243
2244
2258
2260
2263
2271
2272
2273
2285
2286
2287
2289
2304
2318
2320
2353
2363
2364
2366
2374
2381
2390
2405
2420
2429
2432
2440
2456
2472
2476
2476
2503
2504
2525
2532
2544
2576
2585
2587
2587
2590
2597
2602
2602
2605
2632
2635
2638
2642
2643
2647
2651
2653
2662
2662
2664
2680
2699
2702
2711
2713
2714
2716
2744
2745
2760
2777
2784
2786
2789
2821
2842
2859
2860
2864
2878
2893
2894
2897
2898
2899
2909
2913
2914
2914
2916
2920
2923
2931
2953
2961
2962
2982
2990
2991
3009
3018
3024
3038
3045
3056
3058
3062
3068
3077
3122
3122
3132
3140
3143
3162
3164
3169
3190
3192
3212
3225
3229
3240
3273
3284
3293
3294
3309
3335
3338
3367
3375
3380
3394
3395
3400
3418
3426
3428
3433
3443
3468
3469
3502
3523
3525
3528
3530
3533
3565
3573
3574
3576
3601
3603
3624
3624
3625
3631
3635
3661
3680
3680
3690
3701
3712
3717
3736
3745
3765
3773
3776
3789
3795
3800
3824
3831
3831
3834
3845
3854
3854
3866
3874
3881
3882
3884
3898
3913
3914
3944
3956
3972
3982
3982
3982
3986
3988
3989
3995
4003
4007
4019
4024
4041
4043
4048
4055
4061
4070
4080
4084
4127
4128
4133
4139
4140
4147
4165
4186
4203
4206
4222
4250
4251
4260
4264
4275
4311
4312
4312
4317
4318
4324
4328
4330
4342
4347
4368
4382
4385
4385
4401
4405
4411
4426
4427
4429
4432
4440
4443
4444
4455
4459
4469
4472
4479
4480
4485
4503
4507
4510
4513
4518
4540
4543
4558
4569
4571
4579
4593
4630
4631
4633
4635
4653
4673
4687
4690
4707
4715
4732
4743
4745
4758
4788
4809
4811
4824
4846
4846
4852
4855
4861
4862
4874
4875
4886
4894
4898
4900
4933
4937
4971
4980
4986
4986
4988
5011
5018
5018
5024
5025
5041
5055
5068
5076
5078
5086
5097
5103
5106
5112
5114
5126
5164
5187
5187
5200
5207
5224
5236
5242
5262
5274
5278
5279
5284
5287
5288
5291
5293
5294
5295
5308
5323
5324
5324
5325
5330
5341
5347
5378
5388
5389
5391
5401
5418
5427
5434
5440
5442
5442
5455
5457
5457
5465
5469
5483
5489
5500
5505
5506
5521
5522
5528
5528
5543
5555
5560
5563
5574
5599
5611
5624
5631
5640
5652
5657
5664
5669
5670
5684
5686
5691
5695
5730
5733
5745
5752
5755
5764
5804
5810
5811
5825
5847
5892
5903
5904
5935
5939
5964
5975
5979
5979
5985
5994
5996
6004
6006
6010
6014
6021
6041
6042
6051
6062
6063
6072
6083
6084
6088
6091
6097
6100
6100
6113
6126
6137
6140
6141
6154
6155
6171
6174
6180
6181
6187
6197
6197
6197
6204
6205
6214
6221
6224
6240
6244
6274
6288
6289
6318
6326
6329
6329
6334
6354
6361
6387
6393
6405
6405
6406
6429
6434
6445
6449
6469
6473
6497
6513
6516
6525
6541
6542
6543
6580
6583
6592
6599
6602
6606
6611
6618
6620
6621
6621
6645
6646
6654
6660
6687
6688
6694
6696
6707
6715
6716
6723
6748
6751
6751
6789
6795
6796
6813
6817
6817
6821
6824
6827
6829
6841
6842
6855
6868
6868
6871
6913
6916
6917
6926
6937
6938
6962
6968
6968
6970
6982
6989
6993
7000
7003
7013
7019
7029
7039
7056
7057
7057
7071
7075
7089
7135
7145
7149
7175
7190
7194
7201
7206
7227
7238
7241
7245
7254
7267
7279
7289
7297
7313
7320
7327
7334
7344
7363
7366
7370
7382
7384
7409
7415
7416
7429
7438
7439
7446
7446
7456
7460
7462
7469
7475
7492
7494
7494
7500
7509
7526
7536
7539
7539
7543
7544
7562
7563
7575
7579
7581
7594
7598
7603
7604
7606
7614
7617
7634
7644
7646
7652
7659
7660
7666
7671
7671
7696
7701
7710
7713
7715
7717
7752
7760
7764
7765
7776
7782
7787
7789
7797
7814
7814
7817
7817
7818
7840
7849
7854
7865
7874
7877
7882
7884
7891
7903
7911
7936
7944
7945
7954
7958
7958
7960
7972
7980
8000
8001
8016
8024
8025
8032
8042
8048
8058
8061
8066
8068
8072
8074
8086
8087
8088
8089
8098
8104
8126
8133
8150
8166
8187
8199
8200
8202
8205
8213
8222
8238
8257
8275
8283
8287
8298
8299
8313
8318
8321
8331
8336
8340
8344
8362
8370
8374
8401
8408
8409
8410
8434
8434
8440
8449
8454
8468
8475
8489
8516
8518
8522
8522
8527
8534
8541
8543
8544
8572
8578
8581
8585
8595
8596
8606
8612
8619
8622
8631
8650
8672
8678
8685
8706
8720
8720
8720
8726
8734
8735
8735
8747
8769
8770
8778
8814
8831
8832
8844
8855
8868
8883
8885
8889
8892
8916
8966
8971
8972
8980
8982
8988
8996
8998
9000
9001
9008
9026
9051
9066
9076
9085
9090
9100
9104
9108
9108
9109
9131
9135
9137
9141
9150
9163
9190
9190
9195
9201
9210
9219
9233
9239
9256
9260
9265
9268
9282
9304
9304
9314
9329
9330
9339
9344
9352
9357
9367
9372
9383
9384
9385
9390
9425
9435
9443
9443
9448
9450
9461
9463
9463
9467
9474
9479
9501
9507
9511
9518
9520
9527
9540
9560
9572
9578
9585
9586
9590
9601
9612
9615
9619
9624
9625
9630
9654
9670
9677
9677
9681
9699
9711
9713
9722
9724
9724
9731
9733
9746
9758
9759
9775
9778
9781
9781
9791
9797
9806
9808
9808
9810
9851
9857
9869
9883
9894
9903
9910
9937
9944
9949
9953
9966
9972
9978
9984
10001
10001
10011
10015
10020
10033
10036
10038
10047
10048
10049
10051
10057
10058
10060
10075
10085
10090
10092
10108
10113
10115
10117
10127
10144
10159
10160
10163
10171
10176
10178
10202
10217
10256
10261
10302
10306
10310
10313
10316
10321
10322
10325
10327
10344
10349
10357
10360
10363
10365
10388
10403
10406
10407
10409
10423
10432
10436
10440
10441
10450
10458
10465
10475
10486
10487
10492
10493
10503
10504
10507
10509
10518
10518
10525
10535
10535
10542
10553
10565
10565
10602
10602
10605
10616
10620
10628
10653
10659
10663
10669
10676
10687
10688
10690
10692
10692
10701
10717
10718
10734
10737
10741
10749
10750
10750
10759
10764
10770
10774
10784
10788
10795
10797
10800
10814
10830
10842
10867
10877
10900
10904
10918
10934
10934
10946
10950
10954
10962
10974
10980
10983
11001
11018
11021
11025
11027
11040
11041
11081
11086
11098
11109
11116
11116
11119
11123
11135
11136
11137
11138
11147
11172
11179
11199
11203
11206
11208
11212
11214
11215
11220
11226
11235
11235
11240
11240
11243
11244
11244
11260
11266
11274
11274
11304
11309
11321
11325
11325
11344
11364
11367
11369
11398
11402
11405
11408
11410
11411
11412
11424
11426
11441
11453
11454
11473
11477
11481
11488
11511
11524
11528
11528
11530
11535
11545
11554
11555
11581
11581
11596
11596
11600
11617
11619
11621
11625
11633
11634
11642
11665
11680
11682
11686
11690
11691
11713
11714
11719
11724
11732
11734
11745
11751
11757
11762
11766
11767
11781
11786
11788
11800
11803
11818
11819
11833
11860
11864
11864
11870
11897
11899
11902
11912
11925
11946
11947
11950
11960
11972
11979
12004
12011
12024
12026
12038
12049
12056
12056
12114
12146
12160
12176
12178
12184
12193
12196
12202
12202
12204
12213
12220
12228
12242
12250
12256
12274
12286
12292
12293
12294
12308
12309
12310
12313
12314
12316
12317
12323
12333
12340
12343
12345
12348
12358
12372
12385
12394
12395
12403
12411
12417
12421
12426
12432
12441
12443
12446
12448
12449
12454
12457
12458
12458
12474
12483
12512
12514
12526
12535
12543
12544
12545
12561
12564
12573
12587
12589
12595
12605
12605
12613
12630
12636
12638
12643
12645
12667
12677
12679
12679
12681
12688
12695
12695
12697
12705
12735
12747
12760
12761
12765
12770
12771
12772
12773
12788
12788
12794
12796
12798
12799
12802
12808
12812
12818
12823
12828
12834
12859
12863
12870
12872
12875
12888
12891
12896
12914
12915
12923
12928
12945
12946
12958
12968
12969
12970
12972
12981
12984
12985
12989
12998
13001
13003
13005
13008
13021
13028
13033
13035
13063
13064
13077
13080
13088
13089
13092
13095
13098
13099
13122
13127
13131
13132
13137
13151
13164
13164
13186
13189
13201
13219
13231
13243
13249
13260
13275
13275
13281
13289
13299
13299
13312
13315
13328
13341
13341
13345
13354
13361
13377
13388
13391
13408
13411
13420
13439
13446
13447
13467
13470
13474
13485
13492
13505
13515
13526
13541
13543
13547
13550
13573
13579
13593
13593
13595
13614
13624
13625
13628
13628
13644
13649
13654
13661
13665
13693
13695
13708
13724
13739
13749
13758
13763
13766
13785
13787
13796
13815
13823
13833
13845
13846
13869
13870
13875
13886
13896
13903
13920
13925
13930
13935
13946
13958
13964
13966
13976
13986
13986
13990
13992
14002
14005
14006
14009
14029
14046
14052
14068
14089
14094
14108
14111
14131
14146
14146
14146
14158
14160
14161
14170
14174
14176
14184
14185
14189
14193
14194
14199
14204
14204
14208
14217
14219
14239
14250
14266
14274
14275
14296
14299
14307
14329
14330
14348
14365
14368
14374
14381
14382
14399
14406
14409
14418
14423
14424
14428
14439
14446
14450
14457
14457
14462
14472
14481
14482
14515
14522
14532
14536
14544
14548
14559
14559
14567
14576
14577
14582
14594
14596
14598
14600
14619
14619
14622
14632
14634
14664
14676
14693
14698
14700
14731
14754
14756
14762
14765
14768
14775
14818
14818
14821
14828
14849
14850
14857
14865
14877
14888
14888
14888
14893
14895
14903
14913
14916
14920
14926
14927
14932
14933
14936
14937
14946
14954
14954
14960
14961
14962
14982
14989
15007
15019
15022
15028
15036
15039
15043
15064
15066
15069
15070
15075
15077
15079
15098
15104
15120
15125
15131
15139
15144
15161
15168
15178
15178
15180
15183
15191
15206
15213
15221
15224
15235
15240
15246
15264
15265
15271
15272
15276
15277
15283
15306
15311
15313
15321
15321
15324
15327
15332
15333
15336
15338
15348
15348
15352
15357
15359
15375
15383
15389
15395
15410
15415
15422
15424
15438
15450
15459
15475
15478
15488
15527
15549
15552
15558
15559
15564
15570
15579
15602
15605
15608
15611
15615
15629
15631
15636
15643
15651
15660
15661
15663
15664
15700
15702
15724
15737
15743
15747
15748
15757
15765
15766
15776
15776
15790
15791
15793
15817
15820
15824
15829
15837
15839
15842
15851
15875
15891
15903
15919
15923
15924
15927
15939
15945
15955
15955
15960
15962
15985
15985
16002
16037
16037
16056
16057
16059
16071
16082
16084
16099
16102
16107
16116
16120
16136
16158
16168
16169
16173
16185
16193
16209
16211
16217
16217
16245
16278
16289
16292
16302
16308
16310
16311
16317
16332
16334
16340
16352
16357
16378
16390
16415
16417
16420
16423
16425
16432
16434
16447
16448
16454
16465
16470
16473
16487
16488
16500
16505
16516
16517
16518
16521
16529
16555
16576
16579
16581
16581
16583
16584
16591
16591
16591
16601
16604
16608
16615
16619
16641
16641
16660
16663
16674
16679
16681
16682
16685
16689
16721
16746
16747
16756
16762
16773
16781
16783
16789
16810
16811
16812
16813
16814
16814
16844
16848
16856
16860
16868
16871
16875
16885
16899
16899
16902
16942
16944
16966
16970
16971
16980
16987
16995
16995
17003
17009
17013
17015
17029
17039
17039
17064
17065
17078
17115
17117
17120
17137
17143
17151
17158
17159
17176
17185
17188
17195
17195
17201
17202
17206
17211
17213
17219
17228
17233
17237
17239
17239
17241
17241
17248
17254
17265
17275
17276
17293
17318
17329
17358
17362
17363
17368
17369
17372
17381
17387
17387
17392
17401
17411
17423
17426
17433
17438
17447
17447
17456
17458
17462
17470
17474
17490
17492
17494
17496
17504
17523
17534
17537
17539
17547
17552
17561
17566
17582
17605
17612
17619
17625
17625
17627
17629
17643
17644
17647
17647
17651
17663
17665
17668
17671
17672
17679
17680
17703
17709
17710
17712
17713
17721
17721
17722
17730
17747
17748
17759
17763
17769
17771
17772
17773
17781
17785
17796
17796
17810
17818
17819
17833
17834
17836
17844
17846
17868
17880
17888
17898
17909
17914
17938
17964
17974
17981
17984
18006
18009
18017
18025
18032
18036
18040
18041
18044
18064
18072
18073
18086
18092
18096
18098
18116
18117
18123
18131
18133
18136
18138
18154
18177
18178
18186
18192
18204
18210
18212
18220
18222
18251
18253
18271
18272
18277
18314
18337
18349
18352
18352
18394
18400
18408
18431
18435
18441
18449
18450
18476
18499
18505
18509
18510
18527
18554
18559
18569
18570
18574
18578
18581
18595
18631
18637
18637
18638
18652
18660
18661
18662
18662
18663
18684
18689
18705
18707
18737
18740
18750
18752
18786
18786
18799
18801
18807
18812
18829
18857
18864
18865
18881
18898
18904
18916
18918
18921
18952
18972
18988
18992
18997
19005
19017
19019
19041
19046
19049
19053
19053
19059
19063
19064
19065
19084
19095
19095
19103
19115
19117
19119
19121
19124
19139
19152
19162
19166
19172
19180
19195
19196
19217
19219
19233
19244
19250
19258
19259
19265
19267
19274
19276
19278
19280
19289
19293
19304
19326
19329
19330
19336
19336
19353
19354
19376
19376
19389
19390
19393
19397
19402
19403
19419
19422
19426
19428
19434
19443
19451
19453
19465
19476
19485
19503
19504
19509
19526
19544
19552
19555
19558
19571
19572
19572
19578
19597
19606
19608
19610
19631
19671
19683
19690
19707
19709
19711
19712
19726
19740
19763
19771
19785
19787
19788
19791
19798
19799
19804
19810
19810
19830
19837
19848
19849
19867
19867
19892
19895
19897
19903
19917
19933
19934
19938
19941
19943
19944
19984
19993
19995
19997
20013
20015
20021
20021
20030
20041
20056
20075
20082
20088
20101
20107
20107
20116
20127
20127
20129
20134
20135
20147
20150
20151
20156
20159
20163
20185
20199
20204
20205
20224
20229
20230
20251
20277
20277
20281
20284
20289
20291
20302
20306
20313
20316
20318
20322
20329
20340
20347
20361
20381
20390
20392
20419
20434
20440
20449
20462
20469
20470
20472
20474
20486
20487
20513
20519
20519
20536
20540
20541
20547
20554
20579
20580
20580
20603
20604
20608
20619
20622
20625
20626
20626
20629
20637
20638
20646
20649
20651
20662
20667
20684
20685
20694
20700
20709
20715
20727
20746
20752
20762
20772
20773
20776
20778
20780
20787
20787
20796
20797
20804
20804
20809
20814
20816
20833
20833
20876
20878
20880
20885
20906
20912
20921
20922
20931
20931
20937
20954
20954
20968
20981
20988
20995
21001
21003
21007
21019
21020
21036
21039
21050
21053
21057
21078
21081
21083
21084
21093
21093
21096
21097
21097
21130
21133
21141
21144
21148
21159
21167
21175
21175
21191
21197
21211
21211
21216
21222
21223
21223
21235
21244
21258
21272
21272
21282
21282
21296
21313
21318
21327
21332
21333
21338
21339
21341
21349
21354
21365
21378
21382
21387
21391
21399
21404
21405
21417
21417
21419
21462
21464
21464
21468
21477
21487
21506
21507
21516
21536
21544
21546
21563
21578
21587
21589
21596
21597
21612
21619
21621
21638
21651
21654
21666
21668
21669
21669
21676
21677
21691
21699
21702
21710
21732
21753
21754
21767
21790
21832
21833
21833
21848
21857
21862
21868
21877
21880
21881
21893
21902
21904
21915
21934
21946
21959
21960
21967
21985
22008
22009
22010
22025
22032
22055
22058
22065
22065
22074
22078
22080
22083
22094
22101
22103
22103
22104
22128
22139
22151
22166
22183
22195
22204
22207
22211
22223
22226
22226
22235
22261
22270
22277
22280
22286
22294
22295
22296
22299
22303
22307
22330
22341
22344
22351
22362
22372
22372
22377
22379
22395
22401
22408
22425
22429
22436
22442
22452
22453
22461
22485
22486
22495
22501
22521
22522
22525
22534
22536
22536
22536
22548
22556
22561
22562
22577
22583
22589
22590
22594
22596
22597
22605
22606
22617
22622
22623
22631
22636
22646
22647
22650
22677
22682
22702
22702
22704
22724
22736
22738
22751
22764
22770
22790
22790
22807
22826
22868
22872
22881
22882
22890
22894
22896
22907
22921
22923
22925
22930
22954
22972
22981
22986
22987
23002
23004
23014
23016
23025
23035
23046
23048
23052
23056
23062
23072
23074
23076
23094
23102
23102
23105
23107
23115
23124
23128
23130
23136
23139
23140
23149
23150
23156
23160
23168
23169
23179
23182
23189
23191
23193
23196
23208
23233
23233
23239
23260
23268
23269
23273
23276
23281
23285
23287
23307
23314
23324
23330
23339
23340
23351
23370
23380
23382
23384
23384
23386
23393
23399
23399
23399
23406
23407
23411
23414
23414
23415
23418
23422
23434
23443
23445
23447
23452
23454
23458
23518
23537
23540
23545
23549
23550
23564
23589
23599
23617
23620
23622
23626
23627
23627
23633
23641
23648
23656
23658
23676
23677
23694
23697
23703
23708
23710
23711
23714
23724
23733
23742
23744
23745
23749
23759
23778
23796
23797
23808
23815
23817
23826
23832
23833
23834
23836
23852
23853
23863
23865
23869
23872
23889
23889
23904
23924
23924
23930
23934
23942
23955
23956
23960
23963
23969
23980
23981
23986
23988
24001
24003
24017
24031
24033
24036
24058
24062
24070
24074
24078
24090
24098
24099
24102
24123
24129
24129
24133
24133
24146
24150
24152
24164
24166
24180
24196
24219
24220
24221
24224
24230
24235
24244
24248
24251
24255
24255
24257
24260
24262
24264
24267
24269
24271
24292
24309
24309
24310
24323
24326
24354
24359
24368
24377
24389
24424
24429
24434
24436
24444
24451
24458
24458
24462
24466
24476
24493
24502
24511
24513
24524
24524
24527
24534
24538
24555
24578
24596
24598
24599
24605
24606
24610
24616
24638
24641
24646
24649
24653
24659
24664
24687
24706
24713
24716
24718
24719
24727
24740
24757
24759
24759
24764
24766
24776
24784
24788
24797
24799
24806
24821
24837
24839
24841
24853
24854
24857
24868
24889
24895
24918
24919
24950
24975
24980
24992
25002
25007
25016
25019
25021
25039
25043
25049
25062
25075
25102
25104
25127
25128
25132
25138
25140
25163
25182
25192
25223
25225
25242
25260
25269
25270
25274
25280
25280
25286
25293
25301
25314
25315
25317
25324
25329
25333
25384
25398
25399
25427
25427
25429
25446
25448
25455
25464
25475
25477
25481
25482
25498
25503
25510
25520
25540
25541
25543
25556
25560
25571
25572
25573
25574
25577
25581
25585
25586
25592
25593
25597
25622
25660
25665
25686
25687
25704
25705
25711
25731
25733
25736
25740
25743
25773
25786
25786
25797
25800
25820
25829
25830
25840
25855
25865
25881
25889
25893
25895
25902
25925
25934
25936
25937
25947
25951
25966
25967
25982
25984
25990
25991
25994
26009
26011
26027
26031
26062
26090
26141
26160
26161
26163
26172
26173
26173
26186
26195
26201
26216
26218
26228
26239
26252
26262
26283
26286
26286
26312
26313
26316
26322
26328
26334
26337
26348
26368
26379
26394
26405
26407
26415
26416
26420
26433
26439
26442
26447
26449
26454
26479
26479
26487
26501
26502
26512
26522
26522
26530
26537
26560
26565
26582
26582
26583
26590
26593
26598
26603
26608
26610
26614
26621
26622
26628
26629
26632
26633
26644
26651
26654
26664
26665
26673
26680
26687
26692
26692
26695
26696
26705
26707
26709
26719
26729
26732
26742
26784
26808
26809
26818
26822
26826
26833
26849
26859
26862
26865
26878
26885
26886
26902
26909
26914
26918
26927
26937
26941
26951
26953
26958
26961
26963
26968
26968
26971
26985
26991
26994
27000
27002
27003
27013
27024
27025
27034
27035
27044
27045
27047
27056
27059
27062
27062
27067
27079
27101
27101
27105
27107
27109
27111
27118
27127
27132
27146
27158
27160
27186
27202
27206
27225
27228
27229
27236
27236
27261
27265
27271
27285
27294
27302
27315
27316
27321
27327
27328
27330
27338
27374
27382
27399
27403
27425
27428
27438
27439
27439
27455
27458
27471
27473
27474
27479
27487
27499
27506
27525
27527
27533
27535
27540
27544
27565
27567
27582
27598
27602
27614
27622
27622
27627
27654
27666
27666
27672
27673
27681
27686
27691
27709
27711
27712
27718
27726
27731
27738
27744
27749
27752
27754
27758
27778
27785
27808
27808
27810
27811
27849
27854
27894
27898
27904
27913
27914
27918
27920
27930
27932
27946
27959
27959
27960
27961
27965
27985
27988
28011
28013
28036
28039
28040
28043
28047
28054
28057
28061
28067
28080
28083
28091
28097
28100
28107
28121
28148
28153
28170
28172
28188
28189
28204
28208
28234
28249
28260
28264
28267
28289
28292
28298
28299
28306
28320
28323
28329
28354
28391
28395
28395
28410
28467
28474
28483
28500
28501
28509
28509
28518
28520
28531
28538
28540
28558
28560
28568
28568
28575
28581
28583
28585
28591
28597
28599
28608
28611
28615
28617
28618
28637
28638
28652
28664
28684
28690
28698
28700
28703
28710
28730
28735
28738
28740
28748
28752
28757
28777
28780
28794
28804
28818
28824
28826
28839
28843
28851
28853
28856
28870
28874
28879
28887
28895
28896
28904
28936
28940
28958
28982
28986
28991
28991
28991
28994
28995
29029
29039
29049
29053
29057
29064
29087
29089
29097
29110
29117
29120
29138
29151
29152
29162
29178
29185
29188
29200
29203
29213
29220
29229
29230
29233
29256
29257
29258
29264
29275
29279
29281
29282
29284
29285
29287
29292
29299
29302
29303
29307
29312
29323
29346
29373
29379
29383
29398
29399
29401
29406
29408
29421
29422
29425
29432
29437
29437
29447
29454
29467
29479
29500
29519
29523
29527
29531
29537
29538
29549
29549
29561
29584
29590
29595
29611
29613
29618
29624
29635
29641
29648
29655
29658
29671
29692
29695
29699
29707
29716
29716
29719
29729
29738
29745
29746
29749
29749
29755
29756
29773
29811
29812
29823
29832
29839
29845
29847
29866
29875
29882
29886
29888
29893
29913
29941
29942
29972
29982
29986
29998
30039
30040
30041
30045
30045
30062
30066
30075
30082
30114
30122
30145
30156
30164
30164
30165
30184
30184
30190
30190
30191
30195
30195
30202
30216
30230
30231
30232
30235
30239
30242
30244
30247
30266
30282
30299
30306
30314
30323
30329
30342
30352
30382
30385
30395
30401
30411
30447
30450
30463
30468
30473
30475
30477
30477
30490
30507
30513
30521
30544
30545
30545
30546
30557
30566
30570
30575
30588
30591
30606
30607
30616
30635
30645
30648
30650
30658
30660
30662
30663
30666
30680
30684
30691
30698
30711
30733
30753
30769
30779
30784
30787
30787
30794
30810
30813
30825
30828
30838
30848
30865
30867
30868
30870
30886
30894
30898
30911
30921
30922
30922
30924
30933
30938
30939
30948
30951
30959
30978
31000
31000
31006
31037
31043
31051
31054
31061
31074
31079
31092
31096
31113
31118
31123
31131
31131
31133
31139
31143
31158
31159
31166
31181
31181
31189
31197
31202
31202
31216
31218
31226
31227
31242
31260
31272
31275
31292
31324
31325
31331
31337
31346
31356
31372
31377
31413
31414
31414
31432
31435
31442
31444
31451
31458
31459
31469
31470
31474
31477
31481
31510
31515
31528
31536
31551
31574
31579
31579
31582
31588
31594
31606
31610
31623
31623
31634
31634
31645
31653
31667
31671
31673
31683
31700
31706
31707
31718
31725
31742
31742
31759
31773
31775
31775
31794
31809
31814
31818
31825
31844
31845
31846
31857
31875
31900
31906
31914
31932
31933
31934
31936
31953
31954
31959
31960
31961
31970
31971
31973
31979
31986
31997
32002
32002
32006
32006
32026
32029
32036
32043
32049
32055
32055
32063
32069
32077
32087
32088
32093
32099
32108
32108
32117
32150
32151
32157
32161
32162
32164
32187
32201
32207
32209
32214
32226
32227
32227
32229
32244
32249
32252
32268
32277
32282
32298
32301
32301
32302
32305
32309
32309
32311
32312
32316
32320
32323
32326
32346
32353
32360
32379
32403
32404
32406
32412
32417
32436
32441
32453
32462
32469
32478
32483
32495
32506
32540
32543
32551
32559
32566
32568
32572
32573
32588
32589
32598
32601
32616
32646
32647
32651
32654
32673
32688
32698
32698
32708
32708
32710
32727
32729
32729
32732
32734
32747
32761
32764
32767
