190
310
310
493
575
672
722
747
858
870
909
947
991
1188
1203
1328
1510
1564
1626
1667
1698
1762
1879
1892
1935
2020
2031
2088
2110
2224
2241
2258
2286
2363
2420
2525
2576
2642
2702
2713
2714
2745
2760
2786
2893
2897
2991
3009
3038
3394
3395
3624
3765
3773
3824
3834
3854
3874
3944
3988
3995
4043
4070
4084
4128
4275
4318
4324
4444
4459
4507
4543
4707
4900
4971
4980
5024
5025
5068
5106
5126
5288
5293
5455
5506
5563
5640
5939
6180
6329
6405
6469
6621
6687
6688
6796
6824
6841
6868
7056
7075
7238
7439
7500
7701
7764
7874
7911
7936
7954
8000
8068
8087
8202
8313
8318
8401
8475
8769
9201
9210
9233
9265
9268
9304
9425
9450
9518
9578
9619
9670
9722
9731
9759
9949
10001
10001
10113
10144
10322
10436
10441
10503
10553
10628
10764
10795
10814
11109
11135
11208
11212
11214
11240
11244
11325
11364
11441
11581
11600
11745
11762
11902
11960
12056
12146
12202
12204
12313
12323
12333
12411
12449
12545
12605
12630
12638
12679
12695
12788
12796
12799
12812
12823
12834
12859
12875
12946
13005
13008
13021
13080
13095
13127
13341
13470
13543
13644
13739
13986
14005
14089
14160
14170
14204
14208
14217
14250
14307
14329
14368
14559
14693
14731
14903
14954
15036
15069
15161
15240
15321
15333
15336
15631
15702
15724
15766
15790
15891
16037
16116
16168
16193
16423
16516
16555
16591
16601
16604
16689
16810
16814
16944
16987
17003
17137
17188
17195
17233
17241
17293
17318
17372
17456
17523
17539
17566
17612
17619
17629
17647
17668
17709
17712
17730
17747
17763
17785
17844
17868
17888
17984
18086
18098
18220
18337
18431
18569
18637
18918
18997
19017
19049
19063
19095
19117
19119
19139
19195
19217
19244
19259
19278
19304
19390
19426
19504
19572
19597
19709
19787
19837
20056
20159
20284
20289
20316
20329
20347
20474
20580
20603
20619
20625
20626
20709
20809
20921
20937
20954
20954
20988
21020
21084
21093
21197
21235
21244
21272
21282
21318
21332
21349
21464
21536
21597
21767
21790
21833
21934
21960
21967
22008
22010
22065
22103
22183
22299
22351
22372
22377
22485
22522
22525
22556
22596
22647
22790
22907
22981
23002
23107
23124
23269
23285
23380
23382
23393
23406
23415
23418
23422
23549
23676
23677
23710
23745
23904
23955
23963
23969
24129
24146
24255
24271
24323
24368
24458
24524
24659
24716
24718
24740
24784
24975
24992
25075
25138
25163
25270
25293
25464
25481
25660
25820
25889
25893
25947
26160
26163
26186
26262
26312
26316
26328
26522
26537
26633
26818
26878
26953
27003
27025
27062
27067
27105
27229
27285
27399
27428
27439
27544
27673
27811
27849
27920
27930
27959
27985
28011
28061
28083
28100
28234
28267
28395
28467
28500
28518
28531
28538
28615
28638
28652
28748
28777
28780
28794
28826
28895
29097
29162
29188
29257
29275
29282
29383
29398
29408
29479
29500
29584
29590
29595
29845
29882
29913
29998
30040
30156
30184
30216
30314
30463
30490
30507
30545
30546
30607
30938
31000
31000
31006
31159
31260
31442
31444
31645
31683
31773
31979
32055
32087
32108
32161
32164
32298
32301
32312
32323
32404
32540
